0100
0010
0000
0010
 ID: 16898
0100
0010
0000
0100
 ID: 16900
0100
0010
0001
0000
 ID: 16912
0100
0010
1000
1000
 ID: 17032
0110
0000
0000
0100
 ID: 24580
0110
0001
0000
0000
 ID: 24832
0110
0001
0000
0010
 ID: 24834
0110
0001
0000
1000
 ID: 24840
0110
0001
0001
0000
 ID: 24848
0110
0010
0000
0100
 ID: 25092
0110
0010
0000
1000
 ID: 25096
0110
0010
0001
0100
 ID: 25108
0110
0011
0000
0000
 ID: 25344
0110
0011
0000
1000
 ID: 25352
0110
1000
0001
0000
 ID: 26640
0110
1000
0101
0000
 ID: 26704
0110
1001
0100
0000
 ID: 26944
0110
1010
0000
0010
 ID: 27138
0111
0010
0000
0000
 ID: 29184
0111
1000
0100
0100
 ID: 30788
0111
1010
0000
0100
 ID: 31236
0111
1010
0001
0000
 ID: 31248
0111
1010
0001
0100
 ID: 31252
